index,California Cities,Population,Violent crime,Property crime,Burglary,Total Crimes per 1000,Violent Crimes per 1000,Property Crimes per 1000,Burglary Crimes per 1000,Crime Rate per Day
3,San Francisco,886007,5933,48780,4644,66.99,6.7,55.06,5.24,162.62
9,Berkeley,122788,618,6256,771,62.26,5.03,50.95,6.28,20.95
38,Santa Clara,131173,214,4748,363,40.6,1.63,36.2,2.77,14.59
54,Alameda,78907,162,2579,218,37.5,2.05,32.68,2.76,8.11
65,Mountain View,84599,165,2463,321,34.86,1.95,29.11,3.79,8.08
78,Palo Alto,66938,86,1983,179,33.58,1.28,29.62,2.67,6.16
84,San Jose,1040008,4559,25164,4114,32.54,4.38,24.2,3.96,92.7
103,Milpitas,82344,102,2193,201,30.31,1.24,26.63,2.44,6.84
130,San Mateo,106020,266,2217,516,28.29,2.51,20.91,4.87,8.22
156,Sunnyvale,154859,259,3380,458,26.46,1.67,21.83,2.96,11.22
169,Brentwood,65483,166,1335,142,25.09,2.54,20.39,2.17,4.5
194,Fremont,240887,400,4523,547,22.71,1.66,18.78,2.27,14.99
196,Pleasanton,84017,112,1632,149,22.53,1.33,19.42,1.77,5.19
197,Dublin,66072,107,1259,114,22.4,1.62,19.06,1.73,4.05
214,Livermore,91418,193,1554,139,20.63,2.11,17.0,1.52,5.17
226,Martinez,38692,83,570,99,19.44,2.15,14.73,2.56,2.06
259,Benicia,28471,16,377,72,16.33,0.56,13.24,2.53,1.27
260,Los Gatos,30793,14,419,57,15.91,0.45,13.61,1.85,1.34
268,Lafayette,26872,4,358,42,15.03,0.15,13.32,1.56,1.11
